spawn:
  world: world
  x: 0.5009435468819146
  y: 64.0
  z: 0.49035204643981567
  yaw: -184.95007
  pitch: 5.3999996
